086133167069923471977624469527825401666624475685120578300617
858510079983151616701154773180323261011441561233987099606482
749834104525788241321806686435377682462924752354586792641604
039929541324649606630354518955158962957105093931500595598530
591394624142266624993028363696234971593640229751048792672484
743751237518081608890935639174794246252939840687663232993250
052297135212138435023549844458906256876014167631999467837605
038908893989008269055243444581781667064179761201307722777790
154241391787282128158909931485934597652839855712144730115801
456844005417101023415202507163550867502752122909391682241946
046600573420303470055547432222738628734294079943567125516165
600305976857445111402484295230792846566564088601973199219121
580318331986513873392969432406200297314731007108306872630689
515383303155402155584423569771530795370169263067105126574261
611832431302316742024461143360703664661252157009245228859569
018017170563761322405973265048953893638265976707405001964807
767786407769955361430497445804821361300160764070073676327106
316172553873635042125623043145957612353742443014093431660143
496671962052517941253872618528236759493784455700685479163878
607498151663334471999195516594089391790422313771194620912657
450059860276332250174582480877632668765552446634860563168493
012744913127879016443314533426533795794579902643015875471673
121970299000373456026963893372648299829997212666917130647139
583931236455103229038061514634299482126621236695711644175160
293160810160441051311584157078904904212255558562458255906426
