666026627688460538903749032132505065388723200268858614190120
604754154694372711330350066709707466807312358060225147965085
301933767494709537575021539318745708327130173874570876797377
113494824869949610951272370677812369021083999551557656733512
606463782238885202035769647579809537976221331524839543673657
577441149113972372125236137215175266928237100735872442619032
801703759220059437576738752757808372911341614047011224206296
206277003781085912347484056250152837222115649726549971475893
019760514580430470578803241450073183400430704354705150764533
612589912820603938799184947166575530230530993928449694921135
573777635457746455547350506501967048190325923845453521850033
781109717894297797354021990385548905332321476956183104998167
926738207777299454225956758518179151921422767853421443890736
580831661120887675299601437613829492794911445346247027126239
447059362825670004968054480646470277730616547224712660772323
253286480597845293983164164705885355274959925321546041145868
173037667310850362866316363287419870592909909476766069493237
383430876060517329898319979498834657355723921044539932028644
704690236764085289325822357457575883172191179918023403066235
487949315030372682838194000328013544671047590699644974203276
858835841084111402467848779754066557824851271958231614797346
300935926349946368737406084022760132080099557538048300966917
158433037257014762008104764298203730657481133344637443188575
551292272305110181919108956015971742032955721042293433804955
344978874496629093227074339435790281275148643728191660649176
