666026627688460538903749032132505065388723200268858614190120
604754154694872710330350066789707466807312358066225147965085
301933767494769537575020539818745708327138173874570876797377
113494824869949610951272370677812369021083999551557656733512
606463782238885202035769647579809537976221331524839548673657
577441149113972372125236137215175256928237100735872442619032
801703759220059437576738752757808372911341614047011224206296
206277003781085912347484656250152837222115649726549971475893
019760514580430470578803241450073183400430704354705150764533
612589912820603938799184947166575530230530993928449694921135
573777635457746455547350506501967048190325923845458521850033
781109717894297797354021990385548905332321476956188104998167
926788207777299454225956758518179151921422767853421443890736
580831661120887675299601437613829492794911445346247027126239
447059362825670804968854480646478277730616547224712660772323
253286480597845293983164164705885355274959925321546041145868
173037667310850362866306368287419870592909909476766069493237
383436876060517329898309979498884657355723921044539932028644
704696236764085289325822357457575883172191179918023403066235
487949315030372682838194000328013544670647590699644974203276
858835841084111402457848779754066557824851271958231614797346
308935926349946368737406084022760132080699557538048300966917
158433037257614762008104764298203730657481133344637443188575
551292272305110181919108956015971742032955721042293433804955
344978874496629093227074389485790281275148643728191960649176
